204
104
109
114
119
124
129
134
139
14
144
149
154
159
162
167
172
177
182
187
19
192
197
202
207
212
217
222
227
24
29
34
374
379
385
389
39
395
399
4
403
407
411
415
419
423
427
431
435
439
44
445
449
453
457
461
465
469
473
477
481
485
489
49
493
497
501
505
509
513
519
523
527
531
535
537
539
54
541
543
545
547
549
551
553
555
559
563
567
571
575
579
583
587
59
591
595
599
603
607
609
611
613
615
617
621
625
629
633
635
637
639
64
641
643
645
647
649
651
653
655
657
659
661
663
665
667
669
671
673
675
677
683
687
69
691
695
699
703
707
715
717
721
725
729
733
735
737
739
74
741
743
745
747
749
751
753
759
761
763
765
767
769
771
773
775
777
779
781
783
785
787
789
79
791
793
795
797
799
801
803
805
807
809
811
813
819
823
825
831
835
84
841
845
851
855
859
863
867
871
875
89
9
94
99
