# Input_File 1235
1  112 46  1235_subtimg0_1_0x00000000_112w_46h.bin
2  104 35  1235_subtimg0_2_0x00000144_104w_35h.bin
3  112 46  1235_subtimg0_3_0x00000228_112w_46h.bin
4  64  36  1235_subtimg0_4_0x0000036C_64w_36h.bin
5  32  11  1235_subtimg0_5_0x000003FC_32w_11h.bin
6  80  112 1235_subtimg0_6_0x00000414_80w_112h.bin
7  80  73  1235_subtimg0_7_0x00000644_80w_73h.bin
8  80  76  1235_subtimg0_8_0x000007B4_80w_76h.bin
9  88  55  1235_subtimg0_9_0x00000930_88w_55h.bin
10 144 78  1235_subtimg0_10_0x00000A60_144w_78h.bin
11 104 34  1235_subtimg0_11_0x00000D20_104w_34h.bin
12 80  37  1235_subtimg0_12_0x00000E00_80w_37h.bin
13 144 35  1235_subtimg0_13_0x00000EBC_144w_35h.bin
14 160 38  1235_subtimg0_14_0x00000FF8_160w_38h.bin
15 112 37  1235_subtimg0_15_0x00001174_112w_37h.bin
16 144 38  1235_subtimg0_16_0x00001278_144w_38h.bin
